4294967278,55
39,10
4294967294,106
4294967294,166
4294967294,184
4294967294,384
4294967294,185
4294967294,1354
4294967279,293
4294967279,144
4294967278,143
4294967279,143
4294967278,142
4294967279,142
4294967278,141
4294967278,140
4294967294,43
4294967294,52
4294967279,139
4294967279,370
4294967279,276
4294967278,134
4294967278,288
4294967279,288
4294967279,368
18,2
4294967278,287
4294967278,465
18,4
4294967279,284
4294967279,258
4294967279,396
4294967278,333
4294967278,300
39,7
42,5
42,6
4294967278,253
37,179
37,178
37,177
37,176
37,175
37,174
37,173
37,172
37,171
37,170
37,169
37,168
37,167
37,166
37,165
37,164
37,163
37,162
37,161
37,160
37,159
37,158
37,157
37,156
37,155
37,154
37,153
37,152
37,151
37,150
37,149
37,148
37,147
37,146
37,145
37,144
37,143
37,142
37,141
37,140
39,5
39,8
4294967278,244
37,139
37,138
37,137
37,136
37,135
37,134
37,133
37,132
37,131
37,130
4294967278,242
4294967278,240
34,1
35,4
35,6
42,4
41,4
28,4
42,1
39,6
43,6
4294967278,230
4294967278,228
35,1
43,5
44,5
4294967294,479
43,4
43,1
44,4
44,1
37,129
37,127
37,126
37,125
4294967278,224
37,2
39,1
4294967278,464
4294967278,54
4294967278,53
4294967278,52
4294967278,46
4294967279,54
4294967279,53
4294967279,52
4294967279,46
4294967279,40
4294967294,1357
4294967279,388
4294967278,214
39,9
4294967279,280
32,4
4294967294,5
37,0
37,128
4294967294,83
4294967293,131
4294967293,130
4294967293,129
4294967293,128
4294967293,127
4294967293,126
4294967293,125
4294967293,124
4294967293,123
4294967293,122
4294967293,121
4294967293,120
4294967293,119
4294967293,118
4294967293,117
4294967293,116
4294967293,115
4294967293,114
4294967293,113
4294967293,112
4294967293,111
4294967293,110
4294967293,109
4294967293,108
4294967293,107
4294967293,106
4294967293,105
4294967293,104
4294967293,103
4294967293,102
4294967293,101
4294967293,100
4294967293,99
4294967293,98
4294967293,97
4294967293,96
4294967293,95
4294967293,94
4294967293,93
4294967293,92
4294967293,91
4294967293,90
4294967293,89
4294967293,87
4294967293,86
4294967293,85
4294967293,84
4294967293,83
4294967293,82
4294967293,81
4294967293,80
4294967293,79
4294967293,78
4294967293,77
4294967293,76
4294967293,75
4294967293,74
4294967293,73
4294967293,72
4294967293,71
4294967293,70
4294967293,69
4294967293,68
4294967293,67
4294967293,66
4294967293,65
4294967293,64
4294967293,63
4294967293,62
4294967293,61
4294967293,60
4294967293,59
4294967293,58
4294967293,57
4294967293,56
4294967293,55
4294967293,54
4294967293,53
4294967293,52
4294967293,51
4294967293,50
4294967293,49
4294967293,48
4294967293,47
4294967293,46
4294967293,45
4294967293,44
4294967293,43
4294967293,42
4294967293,41
4294967293,40
4294967293,39
4294967293,38
4294967293,37
4294967293,36
4294967293,35
4294967293,34
4294967293,33
4294967293,32
4294967293,31
4294967293,30
4294967293,29
4294967293,28
4294967293,27
4294967293,26
4294967293,25
4294967293,24
4294967293,23
4294967293,22
4294967293,21
4294967293,20
4294967293,19
4294967293,18
4294967293,17
4294967293,16
4294967293,15
4294967293,14
4294967293,13
4294967293,12
4294967293,11
4294967293,10
4294967293,9
4294967293,8
4294967293,7
4294967293,6
4294967293,5
4294967293,4
4294967293,3
4294967278,132
4294967278,130
4294967278,256
4294967278,129
4294967278,127
4294967278,332
4294967278,123
4294967278,546
4294967278,122
4294967278,338
4294967278,243
4294967278,117
4294967278,241
4294967278,116
4294967278,239
4294967278,115
4294967278,545
4294967278,114
4294967278,235
4294967278,112
4294967278,227
4294967278,108
4294967278,225
4294967278,107
4294967278,337
4294967278,174
4294967278,215
4294967278,102
4294967278,295
4294967278,101
4294967278,517
4294967278,97
4294967278,294
4294967278,293
4294967278,92
4294967278,542
4294967278,91
4294967278,513
4294967278,86
4294967278,512
4294967278,85
4294967278,327
4294967278,75
4294967278,325
4294967278,563
4294967278,70
4294967278,315
4294967278,65
4294967278,336
4294967278,64
4294967278,60
4294967278,260
4294967278,324
4294967278,50
4294967278,49
4294967278,335
4294967278,47
4294967278,290
4294967278,329
4294967278,45
4294967278,528
4294967278,44
4294967278,334
4294967278,43
4294967278,42
4294967278,40
4294967278,557
4294967278,39
4294967278,328
4294967278,556
4294967278,34
4294967278,339
4294967278,0
4294967278,538
4294967279,398
4294967279,102
4294967279,91
4294967279,90
4294967279,89
4294967279,87
4294967279,78
4294967279,76
4294967279,379
4294967279,393
4294967279,304
4294967279,334
4294967279,65
4294967279,389
4294967279,392
4294967279,55
4294967279,300
4294967279,51
4294967279,50
4294967279,329
4294967279,49
4294967279,48
4294967279,47
4294967279,387
4294967279,352
4294967279,44
4294967279,43
4294967279,41
4294967279,373
4294967279,39
4294967279,38
4294967279,37
4294967279,36
4294967279,381
4294967279,35
4294967279,34
4294967279,33
4294967279,32
4294967279,31
4294967279,292
4294967279,30
4294967279,29
4294967279,28
4294967279,27
4294967279,26
4294967279,25
4294967279,277
4294967279,24
4294967279,23
4294967279,22
4294967279,21
4294967279,289
4294967279,20
4294967279,369
4294967279,19
4294967279,18
4294967279,17
4294967279,16
4294967279,15
4294967279,386
4294967279,287
4294967279,14
4294967279,13
4294967279,365
4294967279,7
4294967279,399
4294967279,260
4294967279,281
4294967279,4
33,6
33,5
38,7
38,6
38,5
37,5
37,124
37,123
37,122
37,121
37,120
37,119
37,118
37,117
37,116
37,115
37,114
37,113
37,112
37,111
37,110
37,109
37,108
37,107
37,106
37,105
37,104
37,103
37,102
37,101
37,100
37,99
37,98
37,97
37,95
37,96
37,94
37,93
37,92
37,91
37,90
37,89
37,88
37,87
37,86
37,85
37,84
37,83
37,82
37,81
37,80
37,79
37,78
37,77
37,76
37,75
37,74
37,73
37,72
37,71
37,70
37,69
37,68
37,67
37,66
37,65
37,38
37,64
37,37
37,36
37,35
37,34
37,33
37,32
37,31
37,30
37,29
37,28
37,27
37,25
37,26
37,24
37,23
37,22
37,21
37,20
37,19
37,18
37,17
37,16
37,15
37,14
37,13
37,12
37,11
37,7
37,6
33,4
33,1
38,4
38,1
39,4
4294967278,96
37,10
37,9
37,4
37,1
4294967294,50
37,8
4294967294,30
4294967294,115
4294967294,165
4294967294,167
4294967279,359
0,5
4294967294,1361
4294967294,7
4294967279,419
4294967279,85
4294967278,84
4294967279,84
4294967278,83
4294967278,319
4294967278,82
4294967278,292
4294967279,391
4294967279,418
4294967279,346
4294967279,0
4294967279,82
4294967278,81
4294967294,980
4294967279,81
4294967279,390
4294967278,80
4294967278,539
4294967279,80
4294967279,79
4294967294,6
4294967294,81
4294967294,188
4294967294,11
4294967294,183
4294967294,22
4294967294,17
4294967294,67
4294967294,41
4294967294,14
4294967294,20
4294967294,13
4294967294,127
4294967294,126
4294967294,18
4294967294,12
4294967294,68
4294967294,970
4294967294,1355
4294967294,478
4294967278,326
4294967294,409
4294967294,2181
4294967294,425
4294967294,1121
4294967294,414
4294967294,186
4294967294,925
4294967294,8
4294967294,296
4294967294,295
4294967294,293
4294967294,290
4294967294,671
4294967294,287
4294967294,285
4294967294,284
4294967294,283
4294967294,282
4294967294,280
4294967294,279
4294967294,278
4294967294,277
4294967294,2178
4294967294,275
4294967294,271
4294967294,270
4294967294,267
4294967294,264
4294967294,263
4294967294,262
4294967294,261
4294967294,259
4294967294,258
4294967294,253
4294967294,252
4294967294,251
4294967294,667
4294967294,249
4294967294,248
4294967294,247
4294967294,407
4294967294,243
4294967294,241
4294967294,240
4294967294,238
4294967294,237
4294967294,235
4294967294,230
4294967294,229
4294967294,226
4294967294,225
4294967294,224
4294967294,222
4294967294,217
4294967294,216
4294967294,214
4294967294,213
4294967294,664
4294967294,208
4294967294,206
4294967294,205
4294967294,204
4294967294,203
4294967294,201
4294967294,200
4294967294,199
4294967294,196
4294967294,195
4294967294,194
4294967294,193
4294967294,831
4294967294,830
4294967294,826
4294967294,825
4294967294,824
4294967294,823
4294967294,822
4294967294,821
4294967294,820
4294967294,818
4294967294,815
4294967294,813
4294967294,812
4294967294,810
4294967294,808
4294967294,805
4294967294,802
4294967294,799
4294967294,797
4294967294,796
4294967294,795
4294967294,794
4294967294,789
4294967294,788
4294967294,786
4294967294,783
4294967294,661
4294967294,782
4294967294,659
4294967294,780
4294967294,777
4294967294,775
4294967294,773
4294967294,772
4294967294,771
4294967294,769
4294967294,768
4294967294,764
4294967294,761
4294967294,760
4294967294,907
4294967294,759
4294967294,758
4294967294,756
4294967294,755
4294967294,2179
4294967294,752
4294967294,751
4294967294,750
4294967294,749
4294967294,748
4294967294,747
4294967294,461
4294967294,744
4294967294,742
4294967294,740
4294967294,739
4294967294,737
4294967294,736
4294967294,735
4294967294,734
4294967294,733
4294967294,731
4294967294,726
4294967294,724
4294967294,720
4294967294,719
4294967294,718
4294967294,717
4294967294,715
4294967294,714
4294967294,712
4294967294,647
4294967294,706
4294967294,705
